$ANSIBLE_VAULT;1.1;AES256
61626166356437383236663439653437373762396164666637643263666437373335396635386664
3733336163303830316535653435643337636334376231660a636630333134343935646438396363
37333162393536333836666166396135653361666336646339316435373563356431663965303761
3531633536353039650a366635613566656562333231643566346131653131656364373732643731
36643161333931336333633666643361643261643731653430646465333131613031633230666561
35373635336363636161663530363934663736323965303261343036343639633133373331356238
62356435653562363234643563306234376439393438333739646561623264316530316339646438
37316261343238353531666265343131383735663330613363623139333135376264323862373763
38366561393332373133353635623261616432393732373466333663363563633335393566663265
39373635313730353366613133623263326166633661353232643332646138346131386539383762
61663630353031613339613563616632623430653737626238306363353662363435643935343763
31303862623532616434666232663162323039363862393137646665366531393265326630626162
37653830656531363238353265613935613362646132653434653862656264666361393663613063
34303230613266643037623566306132373362613139633062343964353533623731333739353331
33393634343236636435616434373765326362336139633464366237376563346163356562636531
34633738303936383030
