$ANSIBLE_VAULT;1.1;AES256
37333937353437306564643038346466396631353933393365363437656534303335633638383962
3264383438306364366435623534656365383631346330300a353661393634636534363065393462
64393362313362313164636561613633643636343631623665343833393162343339303738666666
3363373662663863390a356639656333363033363138656165666265393830633062623536346235
32323066613537353733623539656463346266663731633733303238366364656235363063316561
33393163343637393633376565386263393364336561376638336162616563353034346462633435
33303461366337346562346538633730613230356363303938633038613337326563386236383932
66616438636265636439653735373235333663353632373965386164656335656631336162373536
66336631666130323938666238313836326139616430393664383037383665613238313765623561
38636131366466343634323531636665633533303863646236313363303137323365653131633730
32383363313532393435373566383032393632356665316366363733366666373838643635363266
39323632646162303965633434376531333033383663353865313963333737633734326536303034
32376531373463636132653833373763316665643135623562306435383933366162343265653237
65376163636262663461386130323438646563366435616664393838383165396362383163613933
30653436653738383735363164323264383365636662386332313237393138373837383764643762
30383164306331646338393632616662383630636662313365336333303861353561633664316663
30633631363935363530646330626137366330333936633033356138643938616661
